1728923102.033567
1728923102.2874804
1728923102.4721243
1728923102.6763864
1728923102.867022
1728923103.0530782
1728923103.240222
1728923103.4521573
1728923103.6269598
1728923103.82087
1728923104.0053744
1728923104.1903415
1728923104.3745756
1728923104.559278
1728923104.7599463
1728923104.944789
1728923105.129436
1728923105.307686
1728923105.4925854
1728923105.6777747
1728923105.877442
1728923106.062326
1728923106.2473865
1728923106.447673
1728923106.6321926
1728923106.8482249
1728923107.06468
1728923107.2491853
1728923107.4338484
1728923107.6120512
1728923107.7969825
1728923107.9979203
1728923108.1832197
1728923108.3681674
1728923108.5684788
1728923108.7536008
1728923108.9380589
1728923109.154083
1728923109.3389683
1728923109.5329974
1728923109.7176967
1728923109.9180963
1728923110.1032422
1728923110.2882183
1728923110.488899
1728923110.6743758
1728923110.8594677
1728923111.0601754
1728923111.245145
1728923111.4236012
1728923111.624205
1728923111.809
1728923111.9932978
1728923112.1936848
1728923112.3788288
1728923112.5640886
1728923112.7643664
1728923112.949126
1728923113.1429
1728923113.3277352
1728923113.5282156
1728923113.7129588
1728923113.9132931
1728923114.1137698
1728923114.298687
1728923114.4840653
1728923114.6689935
1728923114.853926
1728923115.069678
1728923115.2545862
1728923115.4484441
1728923115.6333883
1728923115.8180423
1728923116.003028
1728923116.1878552
1728923116.3728054
1728923116.5577161
1728923116.758052
1728923116.9586616
1728923117.1366477
1728923117.3371542
1728923117.5374646
1728923117.7220042
1728923117.9064872
1728923118.1062806
1728923118.2912047
1728923118.4760966
1728923118.6764915
1728923118.8738582
1728923119.0741014
1728923119.2591825
1728923119.4444022
1728923119.6447613
1728923119.829259
1728923120.0138447
1728923120.2140236
1728923120.4142346
1728923120.6080327
1728923120.7929688
1728923120.9936867
