1731896527.1043282
1731896527.40385
1731896527.581372
1731896527.7628858
1731896527.9443994
1731896528.1302445
1731896528.3124702
1731896528.5089417
1731896528.6914508
1731896528.8679786
1731896529.0445027
1731896529.2218053
1731896529.3985088
1731896529.5758493
1731896529.7571096
1731896529.9336069
1731896530.1116712
1731896530.2882676
1731896530.4647954
1731896530.6439373
1731896530.8224847
1731896531.0101254
1731896531.1996143
1731896531.3888147
1731896531.5892727
1731896531.7757716
1731896531.9594848
1731896532.1423786
1731896532.3268843
1731896532.5225365
1731896532.699673
1731896532.878336
1731896533.056583
1731896533.2391503
1731896533.4167984
1731896533.5992243
1731896533.7777474
1731896533.957035
1731896534.1568134
1731896534.3359835
1731896534.5145063
1731896534.7010062
1731896534.912439
1731896535.0979397
1731896535.2804508
1731896535.474349
1731896535.6538694
1731896535.834021
1731896536.0148969
1731896536.1930747
1731896536.3796442
1731896536.558512
1731896536.741107
1731896536.9216273
1731896537.1008174
1731896537.2863529
1731896537.4701352
1731896537.650759
1731896537.8322732
1731896538.016526
1731896538.195408
1731896538.3868961
1731896538.569365
1731896538.747017
1731896538.9375055
1731896539.1393504
1731896539.3168771
1731896539.4923036
1731896539.6697865
1731896539.8469803
1731896540.023764
1731896540.2009041
1731896540.380159
1731896540.5585065
1731896540.7357528
1731896540.9141774
1731896541.0946553
1731896541.2750528
1731896541.4563055
1731896541.6345005
1731896541.823172
1731896542.0116646
1731896542.1901855
1731896542.372697
1731896542.5637856
1731896542.741678
1731896542.9262092
1731896543.1187055
1731896543.3071995
1731896543.4847229
1731896543.662247
1731896543.83995
1731896544.018474
1731896544.1963818
1731896544.3749044
1731896544.562245
1731896544.740769
1731896544.922871
1731896545.1213741
1731896545.3009284
